—132—

00001010, 3101711030 0100017001030 20010301002 1110 1702110110 12002001 0 11101100 ο(100-
01110101 17101110 2010002 1 0200210 1100000111, 1001002 (10 1030 210020010 0020011170 od 0120-
1200200030 J 030 Μ. Χ. Ρ10110 Μ10211017011ἰο30 Β1011000 0100017001030 Ρ101010 0002030,
21020110101 00 (121011 (1210101021 31017001 000201 Capituli 8171010030 Mic-,hala 01201 010101110-
001, 2017111 1οο 0010100 0110001110 1 1οο2110201101111 1111 0100002 praed 0000 17 00011010,
0002002 1111οᾱ21 nimi 00210102 οοε10οο1710010 001700 1 0111100200, 11101001 2 0000170 011011
0010 1000200, 170101700, 0 20 00021710102001010 1 01000201001010 «1030 Μ. Χ. Βί011000
0100017001030 10102010102030 1111002 010310 00 17100200 020021. Νο012οᾶ 111οᾱ1 1721017021
1110 0010170 17 001001οωὶ0, 1ο ,1001 17 11100200 10110 00020 20 1000110 (1001017010110 0 1110-
οᾱ101000110 202170100110, 100 0120120000030 J 030 Μ. X. Woicziecha Brodzinskiego 011010-
020 0100017001030 brata 0002030 , 10110 10002 0100201711100 Woicziecha Woitha‚ 01010-
120 Τ110100020, 8011100110,’ .Ῑοῃο 8111011111 80211010, 0111101010 Ζο001110, ,1000 01010110
0 8171010111, 81001010170 Ρ110100, 81001010πο Ροο00 0 Τ100011, Simena Kotarby i Jana
Bodlo 2 010100, 1011 017101 10110 10002 1 170210101030 3111100 817101001οο17 02001οᾶ017 01701011
00 111011 02002 012οᾶ 00101 17 000110010 0101002100 1101001010, 1110121 00 010101021 00111-
0101010 100000101001101 310021 20 danim 1011 017100 00 20011 012112002οῃἰο 1700103 2171-
02010 17 1011100 001017οο0 2171111030 012121701111. 201οὲ117021 1110111 00012011 17101 albo
01200οᾱοἰ 00 0111001710 0110010, 3021001 171002 02030 Βο20 2001101701, 01010 011000 0120-
02117οο themu 00020010 01201 00102000100 1711000171 0100 010001710010 001001010100101110100
17 02001 17101002010, 1οᾶ000101010 0 2300111710 0002010011. Naprzod 001 ,1030 Μ. Χ. Woi-
021000 Brodzinski Custos 00 11100 02002 1100021010 0100017001030 od 111030 020011 mimo
010010 0000211 1 00010011 1030 1101170102οη 80211010201030 1 1702110100 101 1 001 1030
100 01010ᾱο1701οο 1000 00170 012100000100, 101120 1002 1 101 Κο1002017001011 tham (10 1030
0011701002οη 0121100200100 20 1702101οἰ01 (101000117οω 100, 02001 11100 0011701002οο 0010-
0211 1 17 01002 (101 οο(1(100110 02171111 8111010102οηοω 1 8021101020110111, 11101110 00101210
’170100 01110 ffolwarkiem 00021000 0 00030 17οᾱΙο 170101 01701 0211700 10110 0210 im ben·
(1210 οοᾱο0010, tho 111110 000112117021 1 001701017017021, 001 100 1010 Κο100201701110 2 bu·
(1017001010 1011 100311 010 17100102 (10 11011 (121οᾶ210200, 1110121 010 (10 11101 0110110002ἰο
1 01017010 0121100200οω 002117010. Wszakosz 1οᾶ0011 10110 0010201010 Χ. 0001002 0120-
12002001 οᾱο100102 010 111030 1011701002110 , 001 10101 170101 01002 2 03100001 0101οᾱ0--
170030 1011701110 8011010201030, 0101110 0101701 0 020020000101 101020 17 80211010000, 1110-
1100 1702110100 120021 Χ. Custos 0100017001 11101002 1 00 0010010 110οᾶ0021 170ὣο 1111011
1 170101 01701 02117002 000021ος 10110011 0120010 100 1701010101, 001 01017010 1001111030 Χ.
0001οο 00 02002 00000021 0211701 010111 20110030 0021020010 1 ukrzywdzenia poddanych
101010020100. Α 20 00310ᾶο 111030 1011701002ου 80211010201030 1 1000012111 2 111030 2010-
010001 poddani 1100 (1170 17100200 80211010 1 8171010111 11101002 00000021 1 1011 00100111-
001710 Χ. 00010020171 1001020101020010 1 1030 00011001οοοι 00 02002 0000002110 0011
010020 21711110 (10100200, 01010 17οᾱ10 001020010 17 11103000 (100οο0017 00001010100 0100210
171001 1 (10 1111011 02002017 00 110201 rok 010020, 0 101000171010 20 1701 8171010010 0011
(121001οό 312117100 010010021 10000101 1 110201 00100101, 1121 1710100001, 010(110 310021
1 1121 010010020, 0 20, 1701 80211010 0οᾶ 00000000011 31211701, 0 0 00102101 101020 3121-
1700 0100101121ς 10001 0οᾶ 1110 00171001 110οᾶ0 0100102 Χ. 00010020171 0100017εο10ωο na
02002 11000002οω0 101111 1102ᾱο30 00 (12100 8171010030 1110102100 2101100 112102100021 010·

